======================================================================
EFFICIENTNET-B3 (TRANSFER LEARNING) TRAINING METRICS SUMMARY
======================================================================

Final Results:
----------------------------------------------------------------------
Best Validation Accuracy: 94.99%
Final Training Accuracy: 97.11%
Final Validation Accuracy: 94.99%
Final Training Loss: 0.1075
Final Validation Loss: 0.2032
Total Epochs Trained: 40

======================================================================
EPOCH-BY-EPOCH METRICS
======================================================================
Epoch    Train Loss     Train Acc (%)  Val Loss       Val Acc (%)   
----------------------------------------------------------------------
1        1.7527         24.47          1.6894         40.82         
2        1.6449         43.88          1.5693         61.31         
3        1.5285         58.74          1.4375         72.53         
4        1.3841         69.30          1.2794         79.97         
5        1.2315         75.30          1.1137         83.46         
6        1.0906         77.96          0.9418         85.74         
7        0.9274         82.37          0.7920         88.77         
8        0.8016         84.69          0.6604         89.83         
9        0.6886         86.44          0.5627         89.98         
10       0.5973         86.74          0.4808         91.65         
11       0.5258         87.65          0.4320         91.35         
12       0.4580         89.44          0.3765         92.11         
13       0.4165         90.12          0.3514         92.26         
14       0.3814         90.20          0.3210         92.11         
15       0.3620         90.58          0.3029         93.63         
16       0.3204         91.53          0.2854         93.63         
17       0.3009         91.19          0.2744         93.78         
18       0.2843         92.55          0.2652         93.78         
19       0.2713         92.21          0.2514         93.78         
20       0.2467         93.12          0.2438         94.39         
21       0.2263         93.54          0.2371         94.23         
22       0.2271         93.09          0.2342         94.39         
23       0.2198         93.77          0.2347         93.63         
24       0.1891         94.53          0.2276         93.63         
25       0.1897         94.79          0.2227         94.08         
26       0.1713         95.36          0.2174         94.69         
27       0.1646         94.83          0.2222         94.54         
28       0.1643         95.02          0.2112         94.54         
29       0.1642         95.52          0.2094         94.54         
30       0.1503         95.40          0.2121         94.99         
31       0.1426         96.09          0.2086         94.54         
32       0.1415         95.55          0.2045         94.84         
33       0.1369         96.12          0.2088         94.54         
34       0.1039         97.53          0.2068         94.39         
35       0.1300         96.31          0.2072         94.39         
36       0.1184         96.50          0.2036         94.54         
37       0.1139         96.85          0.2036         94.84         
38       0.1077         96.81          0.2042         94.69         
39       0.0963         97.04          0.2055         94.54         
40       0.1075         97.11          0.2032         94.99         
